001075
001225
001279
001440
001689
001742
001745
001828
001995
002011
002328
002783
002856
002859
002862
002870
003039
003210
003392
003413
003439
003814
003897
004029
004093
004241
004331
004517
004798
004799
005135
005385
005387
005525
005526
005742
005808
005870
005914
006178
006253
006334
006338
006397
006823
006867
006932
007302
007365
007366
007437
007449
007450
007533
007824
007851
007970
007974
007977
007978
008001
008099
008102
008113
008171
008199
008264
008290
008450
008455
008539
008694
008806
008807
008809
008810
008818
009445
009691
009828
009846
009850
009902
009906
010277
010327
010447
010502
010507
010508
010601
010757
010801
010860
010863
010905
010999
011188
011304
011380
011406
011550
011554
011555
012428
012555
012564
012612
012749
013353
013428
013948
014088
014154
014390
014391
014433
014437
014580
014912
015448
016590
018293
018513
019129
020655
020739
020740
023465
024868
024944
025588
025792
026658
026676
027141
027142
029039
029555
029839
030538
030747
030865
030874
031596
034057
035882
036790
037355
037594
038119
038375
038906
039049
040614
043737
060844
064577
064625
064910
065089
065090
065092
065095
065298
066591
066624
066729
100953
103124
103342
105632
105999
107682
112191
114789
115567
115687
116304
123456
127675
135990
136684
140033
144096
144580
144646
144848
145268
145269
145270
145273
145347
145348
146020
146411
146774
152430
154135
154353
155277
155969
155970
156416
156417
156418
156654
156656
156676
156816
156818
156819
156820
157373
160913
163429
163669
164699
170992
177034
179216
179236
180942
183187
185429
190590
201792
201794
211819
212950
220942
222357
249448
267054
269005
292414
331125
332967
