015321
016590
017525
019774
023586
027141
027142
029039
030282
030471
030538
030747
030874
060844
064577
064910
100182
100251
100302
100365
100439
100450
100478
100488
100688
100690
100950
100952
100953
100957
101148
101609
101769
102287
102304
102311
102736
102781
102797
102823
102863
102880
102890
103008
103124
103133
103148
103167
103195
103342
104474
104544
104652
104814
107184
111320
120454
125457
154941
174928
200058
200478
200496
200908
201143
201792
201794
201795
201913
202012
202019
202023
202071
202082
202215
202627
202846
202852
202895
203496
203677
203882
203894
203991
204478
204671
205365
205879
205885
205949
206024
206042
206346
206352
206355
206584
206615
206671
207106
207224
207540
208117
208745
208929
209777
210359
211378
211744
211761
211819
212022
212089
212928
212950
213126
213260
213284
213285
213286
213336
213382
213482
213510
213559
213862
215462
216524
216667
217202
217619
220307
220454
220475
220478
220485
220572
220920
220942
221095
221132
221498
221670
221671
221681
222131
222242
222333
222357
222601
223040
223041
223601
224891
225597
227226
227480
227916
228978
232532
233257
233435
234117
238717
239577
239586
239650
241061
241845
241877
243533
243565
243794
243860
244341
244394
244741
244742
245201
245343
245345
245346
245576
245589
245596
245877
246094
246598
246858
247280
247493
247617
247642
248166
248220
248838
249448
249456
249512
249638
249946
250759
250762
250763
250778
251061
251319
251373
251378
251720
252355
252586
253727
254258
254858
256498
257082
257151
257658
258639
259541
259984
260021
260062
260071
260176
260185
260189
260752
267054
268325
268629
268844
268956
269005
269269
269532
269554
269744
269977
270113
270379
270383
270401
270451
270503
270655
270698
270721
270890
271031
271146
271168
271174
271454
271486
271762
271834
271952
272031
272049
272146
272184
272200
272255
272290
272293
272327
272358
272468
272651
273010
273432
274166
274188
274222
274724
274820
274856
274890
275034
275247
275787
277963
277989
277992
277997
278001
278009
278015
278027
278048
278049
278054
278060
278074
278077
278085
278093
278333
278335
278446
278467
278483
278494
278497
278501
278508
278515
278663
278760
278765
278784
278802
279336
281448
281492
281684
281712
281763
281784
282044
282550
282768
282813
283061
283066
284321
284561
285082
285317
285323
285367
285372
285584
285686
285711
286048
286302
286434
286462
286473
286567
287445
287564
287670
287673
287783
287862
287910
287982
288013
288128
288590
288828
288919
288930
288946
288970
289052
289075
289080
289215
289247
289409
289434
290146
290172
290445
290490
290755
290760
290769
290781
290987
291049
291092
291340
291420
291759
292210
292219
292414
293157
293416
293530
293593
293861
293862
293879
293901
293904
293912
293977
294426
294656
294966
295290
295626
295734
295874
296250
296299
296362
297621
298030
298150
298318
298558
300887
302945
303634
310791
311745
311748
311988
312080
312580
313756
313961
313975
314157
314163
314192
314479
315280
315414
315416
315433
315641
315972
316431
317115
317179
317221
317460
317535
317954
319564
319717
319800
320103
320629
321400
321497
321632
321729
321778
322177
322533
322597
322685
322735
323364
323569
324126
324161
324460
324462
324629
324676
324808
325110
325699
326073
326087
326097
326109
326152
326159
326162
326395
326558
326582
326715
326748
326864
326908
326989
327080
327421
327477
327598
328001
328809
329064
329188
329260
329425
329726
329994
330018
330174
330559
330561
330659
330813
331645
332301
332310
332403
332452
332463
332636
332967
333013
333098
333165
333300
333449
333753
333819
333995
335163
335480
335504
335545
335706
338093
338124
338459
338892
338971
339028
339091
339169
339399
339409
339471
340032
340330
340607
340608
340856
341387
341606
342150
342333
342334
343320
345688
346000
346114
346131
346263
346289
346354
346624
346774
346904
346972
347054
347266
347313
347335
347411
347460
347472
347484
347683
347717
347738
347739
347822
348636
348985
349044
349408
349471
349514
349548
349595
349618
349642
349884
349919
349959
350154
350155
350179
350224
350431
350660
350685
351252
351362
351744
351868
352018
352078
352195
352259
352345
352419
352546
352646
352810
352947
352992
353306
353597
353723
353930
353985
354041
354081
354082
354283
354462
354786
355303
355383
355999
356176
356307
356341
356435
356819
356860
358170
358171
358479
358792
359662
359736
360088
360320
360468
360645
360746
360898
360994
361022
361625
362004
362091
362238
362421
362999
363653
363804
364169
364249
364328
364416
364457
365517
365762
365775
366608
367218
367639
367684
367697
367728
368541
368841
369425
369781
370368
